733696	0.015313024688581233
75460	0.0036860792531112066
796654	0.004286309459360661
822915	0.014394587068042666
823678	0.017994808441781262
848617	0.01551754408966622
86280	0.0051769292116946065
517389	0.013417395599430901
524209	0.013848195246349072
554948	0.014129220172981159
258101	0.0036860792531112066
275377	0.011879663842440522
289259	0.004286309459360661
297588	0.004286309459360661
32921	0.015321938763066556
349246	0.005143366504196658
354169	0.01483830809655346
35459	0.015313024688581233
360002	0.0036860792531112066
412849	0.0036860792531112066
461659	0.022342975962327042
471464	0.0036860792531112066
513706	0.014377709465258603
882454	0.014377709465258603
902324	0.0036860792531112066
869115	0.017369672243333776
872022	0.01441029464644317
598945	0.0036860792531112066
599828	0.0036860792531112066
603855	0.0036860792531112066
613796	0.0036860792531112066
622297	0.005143366504196658
625905	0.005014982459516122
650369	0.005261407820513967
654197	0.005261407820513967
68699	0.014104675180146143
710983	0.0212762429672015
222482	0.006883042379499788
233270	0.0036860792531112066
235037	0.021432143075207084
241793	0.014377709465258603
25410	0.014377709465258603
557638	0.014236469028429672
56251	0.014394587068042666
572665	0.014377709465258603
589763	0.014809500829766963
103019	0.004312712754249694
111901	0.0036860792531112066
11432	0.0036860792531112066
124536	0.005468146124883347
13809	0.018509506867741388
211772	0.005252663005957425
212207	0.0036860792531112066
22128	0.022138260519781773
721816	0.06419555829448599
