279712	0.000978682470064904
279713	0.00011830909323458086
279714	0.0001825786447243598
279715	0.00039078206954678744
279716	0.00014733173492563787
279717	0.00018404881672928638
279719	0.00024335174941681462
279720	0.00014245529058203892
279721	0.0002185688202803255
279722	0.0003209724765397129
279723	0.000223410398415545
279724	0.00015553194870240828
279725	0.00014806929688092335
279726	0.00016827802418779782
279727	0.00022837116223824335
279728	0.00012396255507359793
279730	0.00021986503314165703
279731	8.58688311981168e-05
279732	0.0001496897290909006
279733	0.00013646706844932074
279735	0.0005855980878605577
279739	0.00012778182445219455
279740	0.0007586014859706045
279741	0.00011005062685174825
279742	0.00012739765776446829
279745	9.120430413974345e-05
279746	0.0001236599019512614
279749	0.00015800107268443495
279752	0.0002307994324966752
279754	0.0007729559211297051
279755	0.00027987815730288177
279756	0.00015054892293292298
279757	0.0001646913533928267
279758	0.00014446267859677023
279759	8.616399108203856e-05
279760	0.00012258770753718898
279761	0.0008221087974305511
279762	0.00013182856097615565
279767	9.66363627392339e-05
279768	8.668753937845942e-05
279769	0.0001252147363913799
279770	0.00010766839845273921
279771	8.56403151283207e-05
279772	0.00013572090133897848
279773	0.00012840928259380587
279774	0.00010409225428420923
279775	0.00016861607600859396
279776	0.00011592406301263536
279777	0.00018185866357814932
279781	0.00010286198096791821
279782	0.0001250195480677877
279784	9.873960754731132e-05
279785	0.00036259108273636496
279786	0.00011098106087983222
279787	0.00012126343572781056
279788	8.807281015468881e-05
279791	0.00016343559180511004
279793	0.0001242259604855375
279794	0.0001457527800318176
279796	0.00010684183796481081
279799	0.00010821552486926117
279800	8.003460522085496e-05
279801	0.00024624199962528095
279803	0.00018167388960386579
279804	0.00017152071832216757
279805	0.00022598777095478678
279806	0.0002333375690396105
279807	0.00013303129277101924
279808	0.00010348337027477244
279812	0.00025429614238325405
279813	9.478517020746169e-05
279814	0.000135670222651337
279816	0.0001086868104696267
279817	0.0002586952638193201
279818	0.00017456947167965244
279819	0.00010675422756442167
279820	0.00016913466708957348
279821	0.00017126775107931426
279823	0.00010089317734034408
279824	0.00014834137859493022
279825	0.0001478604663267161
279826	0.0001774302385568484
279828	0.00012227164404057865
279829	0.0001483215055642796
279830	0.0001037436305721208
279831	0.00010518168772718776
279832	0.0005770642639250229
279833	0.00012675962982147863
279835	0.0001457975057476614
279838	0.000217614012990527
279839	0.00037471302626315944
279928	0.0002776954466796515
28	8.113738303091668e-05
280075	0.0020599074331115424
280119	0.00014425825126184794
280198	0.00011895510810486802
280208	0.00040512862608442117
280224	0.0018977764655773554
280225	0.007057501498626688
280238	9.821727395670183e-05
280239	0.00014290459470247912
280241	0.00011758346637174801
280242	0.00015871528951004387
280361	0.00035993305749013125
280381	0.00010325668588964182
280392	0.00026073218644037807
280411	0.0015020278533971261
280412	0.00014515277104427572
280419	0.00026499101205228247
280432	0.0002724876253604717
280434	0.00038910518218498807
280442	0.00016872037731382065
280444	8.58688311981168e-05
280458	8.596430495112564e-05
280460	0.00012866193060497065
280461	9.110884696642657e-05
280483	0.00010774493523053003
280589	0.0040397306818424255
280623	0.0029706405538971535
280631	0.0059017804510498205
280657	0.0006859219425451072
280659	0.0001013561613526922
280660	0.00011423281037082933
280661	0.00011735748123226627
280668	0.00019540953750750412
280694	8.717344461876201e-05
280733	0.00013689641092393758
280737	0.00010831895537670566
280738	0.00013005345323696763
280739	0.00010731417279792814
280798	0.00020128696009005407
280799	0.001469653186762344
281013	0.000142037328133328
281039	7.555050191106582e-05
281042	0.00017401941028301638
281236	0.00020740987259965042
281275	0.00011151862754904333
281344	9.588482780665725e-05
281385	0.00014677697131739196
281448	0.00011661665831973921
281541	0.00013899976544104087
281701	0.00012624947673244916
281703	0.0002532687831058582
281704	0.00012553926514354707
282289	7.555050191106582e-05
282416	0.0003662694834020169
282447	0.0001236877382182892
282449	0.00010519972771951406
282450	0.00015401536468908825
282456	9.476662135567233e-05
282460	9.946606328499262e-05
282462	0.00024376339939045154
282465	9.946606328499262e-05
282466	9.946606328499262e-05
282470	9.946606328499262e-05
282478	0.0001372438748821497
282480	0.00010544996538587953
282481	0.00019392565482496767
282482	0.00043828334578527143
282487	8.756795125986882e-05
282490	9.27836824285423e-05
282686	0.0003017523121134452
282687	0.0002487147000702245
282690	0.0001951839053686983
283002	0.00021670139185915358
283027	0.0001791712636835094
283151	0.00011920148777567232
283177	0.0002152291805109716
283179	8.804088921426489e-05
283180	8.401970280979495e-05
283183	8.105501442474025e-05
283184	0.00012210860551125437
283188	8.149686774543393e-05
283191	8.103289969598954e-05
283192	0.00017318490171832737
283209	9.829032334489885e-05
283213	0.00013781980876860308
283214	0.00013637615278967128
283218	0.00015501637946969575
283219	0.0010496402098513036
283221	0.0002080990590311198
283225	9.818700662546676e-05
283227	0.0003387788098202482
283228	0.00010282354131520647
283232	9.494388344390077e-05
283233	0.00010499024853777782
283235	0.00012199723953324029
283239	9.494388344390077e-05
283240	0.00010174712535621183
283244	0.00010221297881680826
283245	0.0001019821452355486
283246	0.00010953580651264027
283248	0.00014915859882764522
283250	0.00023391679338537354
283252	0.00010434057601388711
283254	0.00010231607443166702
283255	0.0001745127165045846
283257	0.00015553302714598808
283258	0.00010783928056535705
283259	0.00015677192636989024
283260	0.00010644324903588196
283261	0.00015993069577462077
283262	0.00017342173355578254
283276	9.696388801093555e-05
283289	0.0001744750713754187
283295	0.00010703411725392377
283296	0.00010584398462199053
283302	9.125206155325103e-05
283304	9.702774916177498e-05
283309	0.00019502765656609114
283310	0.000198834609839675
283312	0.0001611610426846497
283321	0.00015558590462907447
283322	0.00019393124993243355
283323	0.00013007038631331433
283324	0.00022648386617702646
283329	9.445050660825763e-05
283330	0.00029751922755489213
283331	9.997417371544616e-05
283332	0.0001178898879744417
283333	0.00012134618820590128
283334	0.00017530939051560947
283335	0.00014794626155981426
283337	0.00016385731354648142
283339	0.00016809183391935532
283345	0.0001248852670036588
283348	0.0001346596559068996
283350	0.00016819744667963423
283368	0.00012858771400469195
283369	0.00016092035457612085
283371	8.91010326820978e-05
283373	0.00012293975593837247
283381	9.703219991649772e-05
283383	9.66363627392339e-05
283465	8.966020118886255e-05
284030	0.0007448521567589652
284281	0.0031215044592537104
284593	9.103412520759494e-05
284695	0.000166608856761878
284700	0.0001925212223086884
284705	0.00016660885676187797
284706	9.178588509801017e-05
284780	0.0001309040934412515
285007	0.00012938268729567257
285009	0.00024974784527934064
285011	0.00010175344715719644
285524	0.0001676665200905403
285547	0.00013614826233114617
285548	0.00023949025270528088
285553	0.00017955524376958205
285554	0.00015008872831485568
285560	0.00015161849555628918
285561	0.0002678305258898121
285562	0.0002896209041500566
285667	0.00013069063640124064
285670	0.00023449627972883344
285676	0.0001564863509705195
285677	0.0001927606912301585
285685	0.00023291012663205919
285688	8.48666315874828e-05
285691	9.241228023231066e-05
285692	0.00016131996705451008
285698	0.00012220802290110897
285699	0.00011464656631083621
285705	0.00024672966867500193
285712	0.00011938115832075806
285717	9.768792728065393e-05
285718	0.000161483505679613
285725	0.00010559322081406239
285726	8.927837508423842e-05
285737	8.003460522085496e-05
285739	0.00011583170291806584
285743	8.65346889470334e-05
285745	9.27836824285423e-05
285746	0.00014061196980605421
285753	0.0001013561613526922
285754	0.00010932463598365559
285756	8.791866041579278e-05
285766	0.0004196440560494265
285767	0.0001839228483911427
285783	0.00015804805745437477
285784	0.00010014385191870039
285789	0.0001106272877562176
285820	0.0004400428026175251
285833	0.0001960433216727155
285931	0.0001376820880872362
286171	0.00011836637805170871
286175	0.000143143346945481
286179	0.0001605800053901018
286180	0.00015181367637978128
286449	9.577231630927285e-05
28676	0.0001560570525427383
287110	0.0001621203571944939
287111	0.0001281483446841687
287112	0.00012778248838007537
287114	9.126271504736907e-05
287116	0.00016830451389678847
287173	0.00010965843155491873
287356	9.2550761598808e-05
287358	0.00013586333046656395
287361	0.0003205123814250778
287364	0.0001004210141111967
287378	0.00012315514151019113
287385	0.00012089365443276088
287495	9.178588509801017e-05
287518	0.00011921231463848311
287764	9.283026648046159e-05
287768	9.283026648046159e-05
287771	0.00013880248340124163
287772	9.283026648046159e-05
287779	9.614084511179184e-05
287804	0.0001010447646189323
287810	9.921117846273478e-05
287819	9.333592727112523e-05
287924	9.27836824285423e-05
287953	0.0001299045247364229
287958	9.719708372177577e-05
287990	9.966165287966535e-05
287992	9.865486014956176e-05
287993	0.00011706847939870809
287998	0.00011550022225918881
287999	8.982686093756403e-05
288001	8.717344461876201e-05
288002	0.0001298163581010245
288003	9.500035764550177e-05
288004	0.00010718403842686932
288007	8.130336508766412e-05
288025	0.00010137848572146971
288042	0.00011459312793670514
288044	8.807281015468881e-05
288049	8.48666315874828e-05
288066	0.000122531599111499
288067	0.0002471649516557334
288102	0.0001744963877987688
288264	0.00015167536373417647
288278	9.316364926731988e-05
288281	0.0001485369716319998
288282	9.421707536504895e-05
288288	0.00011496758793318491
288289	9.407269972759957e-05
288381	0.00012524827870567484
289209	0.00011497608233900481
289217	9.957042165287597e-05
289223	0.00018064800454054187
289224	0.00010307416716383948
289236	7.864479659279973e-05
289237	0.0001238370160031178
289420	0.0011811032170581533
289633	9.641899442882608e-05
289655	0.00020066934548982672
289679	9.103412520759494e-05
29	7.555050191106582e-05
290424	0.00010289874403936756
290471	7.555050191106582e-05
290762	0.0014539006068993911
290899	0.0001264462999551888
290900	0.00023506707919190902
290908	0.00010076181170717399
292394	0.00020575099190837563
292953	8.655889364185655e-05
292961	0.00011861294661790598
292963	0.0001509231701371569
292965	9.004255263085426e-05
292966	0.0002469412809565253
292988	9.04233660536802e-05
293007	0.00011529140946326424
293008	0.00031185595380332147
293009	0.00014775130401075096
293021	0.0003865190438296502
293023	0.0001228562323337245
293028	0.00046250449544763363
293037	0.00023440164971557813
245666	0.00027512629120329856
245766	0.0004288323812435289
248829	7.887361500903762e-05
248831	7.887361500903762e-05
25	9.051797946684499e-05
250020	0.003835493813782521
250221	9.178588509801017e-05
251305	9.030928837074915e-05
251325	9.030928837074915e-05
251506	9.030928837074915e-05
251822	0.00010382299684748965
251823	9.030928837074915e-05
251825	9.030928837074915e-05
251826	0.00015879241659060313
251827	9.030928837074915e-05
251828	9.030928837074915e-05
251829	0.00012176178099141739
251830	9.030928837074915e-05
251831	9.030928837074915e-05
251832	9.030928837074915e-05
251843	9.030928837074915e-05
251904	9.030928837074915e-05
251929	0.00010439111463252364
252620	9.644173041415735e-05
252621	9.691077502545553e-05
253769	0.00011898570965963217
254231	0.00011033942374118625
254722	0.000165147182856137
256186	9.004793157153134e-05
256892	8.38531044031278e-05
256893	0.0001155070785309346
258279	0.00010325668588964182
259408	0.00010725480134450788
26	0.00010490193686790822
261231	0.00011529140946326424
262017	0.00012988721567470016
262020	0.00013737224404178404
262022	0.00014248891765848357
262502	0.0003544120159568694
262580	0.00010462046283302123
262694	0.0018174944439100736
262892	0.00012404610172929873
26344	0.00012754112599081593
263674	0.000317485944782285
266445	0.000791687743998252
26686	0.0007289861399624419
267288	0.00016401848114037048
27	7.555050191106582e-05
270070	9.030928837074915e-05
270215	9.178588509801017e-05
270246	0.0002124009852663029
270354	0.00015597946647771788
270896	9.925757120631699e-05
271238	0.00011112756060432976
271298	0.00022566084921652677
271357	8.596620619869379e-05
271371	0.0002332578137259632
271372	0.00015094444077071124
271373	0.00015364101844968334
271374	0.00011863501936466004
271375	9.292758101271372e-05
271376	0.00010211345641799788
271377	0.00010468773263684036
271378	0.00011806622797257172
271385	9.47078221727118e-05
271386	0.00011310002056592379
271391	0.000316584992150992
271392	0.0002015364129784094
271394	9.467424865741475e-05
271396	9.467424865741475e-05
271398	0.0001125568694135841
271400	0.00016862457618617823
271401	0.00010160063221531102
271402	0.00017938333146141837
271403	7.555050191106582e-05
271405	7.555050191106582e-05
271824	0.0005622973079971339
271909	0.0015551176897541422
272017	0.00031439530333170717
272083	0.0019317544731008356
272225	0.0001270476580378251
272235	0.0004738287839658485
272656	0.0011733274759254024
272687	9.178588509801017e-05
272725	0.0001760148026808288
272859	0.0002027501523487267
272860	0.0009236704152001726
272862	0.0025950879574665586
272902	0.000880121368366324
274001	0.000166349539436422
274005	0.00022416673096151818
274008	0.00031677384043738403
274351	0.00017408267404808578
274412	0.00013618062878895993
275132	0.0002857704042120844
275137	0.0001740600490842444
275265	0.000201462052917977
276041	0.0003383830860375224
276060	0.0008314657107641795
276636	0.0009595083428473789
277133	0.00010301873075135229
277389	0.00010204262132429693
277406	0.00015664398689572447
277409	0.00014395334146275452
277453	0.00015159182050267223
277459	0.0001754472098946957
277461	0.00010400213157223207
277464	0.00011337566353212302
277466	8.596620619869379e-05
277467	0.00011934354675269482
277469	8.57780628590065e-05
277631	0.00010014385191870039
277728	0.0005041500487982782
277736	0.00029842579162341596
277737	9.953928163613746e-05
277738	0.0001455645340358896
277739	0.00012310446451671832
277750	0.0002795464526942587
277753	0.0019460200448003125
277756	0.00013680965366650016
277773	0.000214582673183376
277780	0.00011296589315989207
277788	0.0015853609240263603
277789	0.00012519601757918404
277791	0.0003031614663962267
277792	0.00014937416150703038
277793	0.0002461197539668987
277794	0.00014116991768952942
277795	0.00010126993643628983
277797	9.165494146585573e-05
277798	0.0006079828981742075
277799	0.0001781492035789123
277800	0.00033917687268328133
277801	9.518203152853422e-05
277802	0.00021489086851177457
277803	0.00013778683415722516
277804	0.00012624843119570477
277805	0.00044134680640601186
277806	0.00015475421229877362
277809	0.0003539035671417749
277936	0.00012748452287902274
278075	0.0002501604690917108
278204	0.0002347547271620104
278206	0.00013971585873197268
278223	0.0005386728048173849
278229	0.0003248466629753638
278380	0.0005011700758158083
278386	0.00024808355458064233
278396	0.0011030544455020257
278421	0.00022595955254385645
278438	0.0003014949997306865
278461	0.0004547704292322867
278688	0.00028934335274340367
278884	9.103412520759494e-05
278932	0.00017245306284723743
278939	0.00018145886320751156
278957	0.0002205129023783278
279029	0.00905404799547768
1400321	7.979088864549384e-05
1400391	7.887361500903762e-05
1400464	0.0027374293328910485
1400475	0.005398980038044118
1400476	0.0033535732371419835
1400477	0.0033857800412697508
1400480	0.0020034159590084505
1400546	0.006427111976531661
1400547	0.007600761202761162
1400549	0.006507780466611607
1400632	0.0004919921941992797
1400635	0.00374688797980959
1400636	0.0026117475899400545
1400652	0.0005210558693184176
1400744	0.00019276413299077025
1400769	0.0002449372309792024
1400833	0.0001603176453703663
1401005	0.00015740532125032658
1401326	0.00013997810556579346
1401545	0.001470255768833223
1401582	0.0013556627249149892
1401615	0.00034534566468510415
1401739	0.0001842128166947507
1401745	0.00011758937044893547
1401952	0.0036752302418887107
1402203	0.00015832104978518268
1402416	0.0006816588284530853
1402423	0.0002030455045278401
1402497	0.002025241708068217
1402501	0.0008579053716150258
1403160	0.0006397840347787157
1403294	0.00015069713012403208
1403383	8.777738883655479e-05
1403504	8.777738883655479e-05
1403546	0.0005133931128443792
1403548	7.887361500903762e-05
1403632	0.0029076813139554893
1403656	0.003113053405616084
1403846	9.76164008666141e-05
1403905	8.673941626613882e-05
1404180	0.00012616985315508014
1404432	0.0004028414982092578
1404549	8.801568052684861e-05
1405191	0.00011508527604943062
1405953	9.00246566215853e-05
1406026	0.000675132911747995
1406213	0.00010998554231367307
1406267	0.0026778222832798014
1406324	7.887361500903762e-05
1406666	9.181422046081115e-05
1406694	0.003695186548194157
1406791	9.004737724873938e-05
1406804	0.000337907562089256
1407010	0.0002717431450460022
1407024	0.00022708572316682538
1407102	7.887361500903762e-05
1407254	0.0015322986893797803
1407290	0.004856676277950092
1407292	0.0012592770382504367
1407312	0.0004761264620468917
1407345	0.0020984899366676374
1407806	0.00015636786375251233
1407820	0.00014308626624217507
1407821	0.00025044614100155275
1407822	0.0005252688954180999
1407949	7.887361500903762e-05
1408062	0.00021670218409595892
1408063	0.00016758182912930474
1408071	0.00015950619314561085
1408093	0.0001289612234269045
1408337	0.00011363485189221033
1409249	0.00023341427915220478
1409335	0.00021866499495203515
1409499	9.853826735420394e-05
1409553	0.0012404945620606766
1409718	9.959248257591935e-05
1409943	0.00018678553962784368
1411147	0.00010837903470837119
1411258	0.00011529140946326424
1411432	0.00014223127085080548
1411448	0.0001600876376167987
1413475	0.0013029586557365043
1413637	0.000267700135205865
1414963	8.534848964221105e-05
1415046	9.853826735420394e-05
1417115	8.534848964221105e-05
1419433	0.00011249242254387322
1419967	0.00011928494692476621
1420185	8.386041551208661e-05
1420616	0.00019743745486390976
1421687	0.00015374498924074703
142195	0.0007798728072589201
1423564	0.00012021169340918582
1423841	7.887361500903762e-05
1425017	0.0001385686565176343
1425421	0.0016078225709103085
1425459	0.002153878189554025
1427229	0.00011384613517536319
1430290	8.721421418119831e-05
143998	0.00010570538412907278
1441461	0.00011529140946326424
1443464	0.00027376682070436736
1444847	8.406411264368445e-05
1444848	9.901369419019466e-05
1452909	7.887361500903762e-05
1453037	0.00011898323135391397
1453175	0.00010325668588964182
1454797	9.597091954732112e-05
1464360	7.887361500903762e-05
1471395	0.00010325668588964182
147369	8.27452087412112e-05
1486633	0.00013838697934958765
1486644	0.00025772798395142557
1486651	0.00012754560156696363
1486752	0.00013838697934958765
1486982	0.0012583098126100918
1491453	0.00013398438486877194
1494057	8.058083560980394e-05
1495193	0.00011777317727851462
1496916	9.853826735420394e-05
15	7.555050191106582e-05
1500334	8.777738883655479e-05
1500490	0.00013662576212507992
1502368	0.001681363706318708
1503469	0.00042343784635875156
1507705	9.243959005028946e-05
1507815	8.24255199911679e-05
1508075	0.00039973287391002207
1508157	0.00037097432674341676
1510258	9.004793157153134e-05
1511668	0.0010909523175204837
1512954	0.00018982098655884782
1513212	0.0031233624672822925
1513592	0.00010437402872910385
1513593	0.00013667820096912418
1515174	0.0005070913436311511
1515197	0.00013893772492111747
1515965	0.00011112499626505167
1517216	0.0001300006106064936
1517593	0.00024226910213271513
15195	0.00010785948974786187
1520910	0.00011064711493813557
1521597	7.887361500903762e-05
1521608	9.186374799771391e-05
1522321	0.00011920132412689777
1522581	9.004793157153134e-05
1522757	0.00013407656488910344
1527785	0.0015729289960764192
1529040	9.030928837074915e-05
1530250	9.004793157153134e-05
1530694	8.777738883655479e-05
1531161	0.0001219093823653157
1531204	9.004793157153134e-05
1533101	0.0005112549040075277
1535276	0.0010226461629584739
1535280	0.009150727245667005
1535286	0.0020742693676473966
1535287	0.00020035727644918577
1535686	0.00011589692124402447
1536236	0.0005229943810025308
1536351	9.030928837074915e-05
1537096	0.003972699754245546
1537272	0.000740249921977408
1537287	0.00014810933647660526
1537293	0.00010325668588964182
1537301	0.0001550116639921328
1537325	0.0002991014345118891
1537417	0.0011161714684344696
1537572	0.00011529140946326424
1537702	0.00027339615559137916
1537708	0.0005138482152003854
1537958	0.00026863621159041657
1538031	0.0002013508561064236
1538136	0.00012142405121659571
1539203	9.957989585785737e-05
1540605	8.168321311364209e-05
1541964	0.00010500300459577581
1542734	8.589872558084207e-05
1543526	9.751664056018169e-05
1543824	8.909425994141873e-05
1544801	8.589872558084207e-05
1544917	0.0007986961471092978
1544944	0.00010500300459577581
1545400	0.003430889515682103
1545435	0.0006877310901025233
1547309	0.00024216992728394907
1550036	9.882273226505417e-05
1552248	0.00010325668588964182
1552263	0.00011921701597738362
1552920	0.0005365625788726074
1552946	0.00010474847127840375
1553672	0.00018678195553312285
1555560	9.243959005028946e-05
1563888	7.887361500903762e-05
1564258	9.030928837074915e-05
1577808	0.00011132789476258722
1583148	0.00010325668588964182
1583433	0.0001289612234269045
1584179	0.00010325668588964182
15875	0.00010325668588964182
1589557	0.00010738211537019094
1589988	0.00019456864365085185
1590849	8.742208728417028e-05
1591458	9.243959005028946e-05
1592489	9.697497808718531e-05
1592497	0.0007015198858217467
1592498	0.00037099942898151123
1592507	0.00021063711410968013
1592530	8.534848964221105e-05
1592594	0.00010954833569288522
1592738	0.00013503190660556674
1593495	9.243959005028946e-05
1593515	0.00018713170846341634
1593520	0.00016586976885520196
1593522	0.00021484230669903883
1593525	0.00020074337359120197
1593567	0.0005345735143459587
1593586	0.00023501726432283667
1593590	0.0001239745553203153
1593793	9.243959005028946e-05
1593839	9.243959005028946e-05
1595751	8.386041551208661e-05
1595895	0.00013205484623704674
1595948	0.00028179097083372247
1595949	0.0024209059631558343
1595952	9.243959005028946e-05
1595966	0.00011844985945456678
1595968	0.00016144741377838604
1596004	0.00010970539245480672
1596218	8.777738883655479e-05
16	0.00010147776453866278
1604923	0.0022754524900333753
1605023	0.00047786148335330855
1605274	0.00022563940734910377
1606140	0.0008212385867837997
1606179	0.00020737633907942757
1606410	7.99833572541068e-05
1606785	0.0003760119802933011
1609672	0.00010157645895563132
1611191	0.00012957601701926133
1611913	0.0008537889348303547
1631406	0.00010325668588964182
1631861	0.00012754112599081593
1631931	8.646356648439054e-05
1634930	9.178588509801017e-05
1638298	0.00011349879598085163
1638426	0.00011930954254319497
1644058	0.0008829247319583383
1644990	0.0001350339103239087
1647426	0.0017854083253933757
1647596	0.00036212466147213045
1648603	8.973252553747443e-05
1648829	7.887361500903762e-05
1650270	0.0003870750360416978
1650273	0.0005204447849953183
1650275	0.00045364230090930174
1650614	0.0004800259099454498
1650860	0.0005367858092423319
1651262	0.00015050446501454654
1651276	0.000467154733869931
1651279	0.00036379112202482755
1651283	0.00012011245976345187
1651284	0.0001233419081339669
1651285	0.00011275327778264181
1651286	7.887361500903762e-05
1651287	0.0004106178704929677
1651301	0.00012278177128787653
1651303	0.0013645379494103772
1651326	0.00015096795109876155
1651328	7.887361500903762e-05
1651348	7.887361500903762e-05
1651357	0.00014438959299028337
1652629	0.00022649616392132906
1652652	0.0004425369786056174
1655689	0.001154051854297907
1656497	0.00012118520041803026
1658283	0.00010325668588964182
1667159	0.00013171654848462456
1667176	0.00021256046380972003
1676502	0.00010523962402815181
1677171	0.00011096030691402082
1677174	0.00014118439516258604
1677175	0.0001025835966080713
1681135	0.0005546014020016606
1681271	0.00010348963654554318
1681273	0.00017899843103269249
1681281	9.178588509801017e-05
1684493	0.00031029120619794086
1690680	0.00010343954417686699
1690681	0.00011030296798747348
1690682	7.912022342879046e-05
1690683	0.00010079213109286277
1690684	9.492593344424836e-05
1690762	9.751664056018169e-05
1704680	0.000171432562632663
1707099	0.00011529140946326424
1711365	0.0002320159981654546
1712014	0.00012118520041803026
1712662	0.00010325668588964182
1713691	8.777738883655479e-05
1714291	0.00011529140946326424
1715249	0.0005762419792794118
1715524	0.00028667511276329015
1715708	0.00026179389446059497
1721305	9.004255263085426e-05
1723882	0.00015305559201177514
172764	0.00022771155474664507
1729280	0.00010325668588964182
1741277	9.030928837074915e-05
1755083	0.0004153058408734771
1771476	0.0013300064173497339
1771546	0.0005109385369558945
1771707	0.00012236464134293066
1771781	8.777738883655479e-05
1772254	0.00011185148918256923
1774835	0.00010796115878823148
1776521	7.887361500903762e-05
17793	0.00040350218095537853
1784162	9.243959005028946e-05
1789552	7.555050191106582e-05
1790842	0.0001549282965841364
18181	8.690366523486389e-05
18856	0.000202708245827891
18865	7.887361500903762e-05
19002	8.365351299764506e-05
19086	9.00246566215853e-05
19110	7.887361500903762e-05
19365	0.00021595409652288598
19768	8.256543689968737e-05
202309	0.000122748813362519
202405	0.0001488329377699003
202428	0.00014924558212796784
202637	0.0014498570374577274
203605	0.0003998809183890364
205	0.00012070840632537018
21030	0.000883535895485614
22045	0.00020573001922420702
22168	9.440324352765365e-05
22190	0.00014347302027783098
225278	0.00033174352969181944
227544	0.003901626784868933
227545	0.0037675623706487703
230030	9.103412520759494e-05
230038	0.015310804525599634
230372	9.804344724920947e-05
230373	0.00013587780738911567
231664	0.00013780697823263392
231665	0.00013446977172650265
232425	0.0001225336651310947
232914	0.0002911022268744372
233492	0.0004338675910028399
233827	0.00019384691773704517
234927	0.00013081744781855983
235182	9.876467360214774e-05
236023	0.00010837903470837119
236046	9.178588509801017e-05
236359	0.0001762922292631988
237919	0.003785382280058247
238893	0.000159653325900386
238914	0.00022070521239604088
239616	0.0006343247753909519
239618	0.000367935484508213
239622	0.00011582360729232322
239707	0.0003009802552814651
239726	0.0009294428317267404
239728	0.004417598081968472
239759	0.0006548978280242438
239760	0.00024026509514589152
239890	0.00022389090035705546
24	7.934904184502835e-05
240198	0.0003959150155257994
240199	0.00026615980136504043
241914	0.0002291506128094451
242134	0.00017940147415543322
242207	0.00012916377563904058
242347	0.00025496595263718334
242500	0.00018327362797637068
243488	9.763823086192818e-05
243489	0.0001369356478755533
243490	0.00011570216984306662
243492	0.0001895208896175406
243515	0.0010348444101353261
244088	0.00020329021526893648
244646	0.005143806262833137
244859	0.005802390033564306
325594	0.00031074158779718605
326393	8.777738883655479e-05
327757	0.00010846100216169276
328788	0.00010247354214605877
328789	0.00010247354214605877
328790	0.00012160278307354538
33	7.555050191106582e-05
330612	0.00011469299110656137
330614	7.555050191106582e-05
330641	0.00011195752952926455
330648	0.00011529140946326424
330655	0.00010204899795964694
331257	0.00010739411521626263
331258	7.555050191106582e-05
331838	0.0003195358708122191
331989	0.0015213406609150052
333295	7.887361500903762e-05
335027	0.0005565828168662484
335131	0.0054705902357495735
335218	0.0013561581293589824
335927	0.0002965463826166095
337227	0.004714182027350151
338811	7.555050191106582e-05
339867	9.871882164702799e-05
34	7.555050191106582e-05
340125	7.555050191106582e-05
340681	8.167988777224942e-05
340753	9.178588509801017e-05
340924	7.555050191106582e-05
343680	0.0006073114371567476
344412	9.359288026194752e-05
345922	0.0001054816466739128
35	9.45481265635903e-05
351988	0.00010709735223696554
351989	0.00012038680606389849
354693	9.8799589852365e-05
356750	8.801568052684861e-05
36	0.00010365278355554257
36030	0.0001694306777176792
370760	0.00030114197604974536
375219	0.00038140788411660637
375370	0.00016677933145941448
375715	9.921596993518702e-05
376464	0.008137886772717838
376825	8.777738883655479e-05
377928	9.004793157153134e-05
378688	9.030928837074915e-05
379620	9.004793157153134e-05
38	0.00010413200025999385
380005	9.004793157153134e-05
381717	0.00014353737428507267
383234	0.0003199703948495117
383251	0.00014725705361870624
384220	9.665606961009834e-05
384491	8.306199013265609e-05
384861	0.00010117140633486366
384956	8.909425994141873e-05
385223	9.324191427831496e-05
385637	9.004793157153134e-05
385781	0.00023139374366610798
386101	0.0001512551690735723
386327	0.00038439508785823067
386642	0.00019051462948625693
386675	0.0009549582700825541
386818	0.0006124876350104777
386893	0.004159873673800203
386926	0.0011779765643615946
386929	0.0011098603107948623
386933	0.0007203915942753873
386934	0.003925216603259158
386943	0.0022487308602239723
386952	0.0015676696870808525
386953	0.001930204700189664
386992	0.0002544565288669294
387014	0.0007041319654114825
387228	0.00040382867212676506
388192	8.27452087412112e-05
38908	9.030928837074915e-05
389139	0.00011595564498413061
389459	7.887361500903762e-05
39	8.153044126073098e-05
390391	8.777738883655479e-05
390871	8.673941626613882e-05
391943	8.777738883655479e-05
392079	8.386041551208661e-05
392134	9.030928837074915e-05
392614	8.643092311613553e-05
392630	8.777738883655479e-05
392753	0.00011539585617219712
394841	0.0029074694434268675
396863	9.11295567509722e-05
396864	0.00010309161211703026
40	8.04678442270005e-05
400854	9.243959005028946e-05
40108	0.00020172322181975718
406720	9.178588509801017e-05
406744	0.0022200611757323156
406782	9.778727117745914e-05
41	0.00011100087934046767
415082	0.0007813916317422264
423432	0.00014051215805876025
430737	0.00012869073768066212
44	8.646592112597958e-05
447639	9.004793157153134e-05
4500	0.0004978304493352119
450443	0.00010325668588964182
454029	0.0002686406797651204
454043	0.0003143577108540171
46	0.00012976353877156084
460588	0.0021743221535556316
468220	9.004793157153134e-05
47	0.00010416722681240137
47265	0.00010325668588964182
47711	0.00012081032724476303
47803	0.0001376151526776019
48	8.614837145439315e-05
481179	8.386041551208661e-05
487753	0.00023699142794089247
488024	0.0006182289344237658
488082	0.0004419149080319402
488563	8.33495814516212e-05
488567	0.002665564735827215
49	0.0001053520619283247
491263	0.00013253475689366416
497343	0.00013036748686070997
50	9.41246404223863e-05
501653	0.00030636350256120384
501734	0.00045249818908102505
50278	0.00020312587675182302
504005	0.00040622469628700527
504218	0.00041850910433501227
504265	0.0004331826353763416
504612	0.000623746195076918
505699	0.0001320077479471858
505809	0.00021386385790117884
507431	0.00019260253284921324
507456	0.00013132092761349728
507721	0.0001320077479471858
50922	0.00011021825054600672
509451	0.0002588899618498759
517434	0.000560470312606666
525134	7.887361500903762e-05
527355	0.0003803111098704198
528150	8.732489947099041e-05
528458	0.00011667562399978067
529312	0.00011529140946326424
529747	0.0001219679289400239
531414	0.00010500300459577581
532060	0.0006131158551805382
541013	0.009427793120307346
545363	0.000908499361931134
548382	0.0015008317205342512
54933	0.00013060827035599263
553689	8.673941626613882e-05
557066	7.555050191106582e-05
557338	0.00018922161289487715
557552	0.0030197643854760303
557561	0.0008999497383617124
558069	0.00046661055793125806
558297	0.0005058884423874287
558301	0.00019541813007599256
558302	0.0005596684762357194
558319	0.0002460451893027449
558341	0.00021601349284001007
558342	0.00011620975472590204
562054	0.00010325668588964182
563831	0.00019017296369926978
565641	0.00017957688724670422
570015	9.648105064293791e-05
570023	8.801568052684861e-05
570031	9.324191427831496e-05
570032	0.00013401704227951946
580948	0.00019463632990109124
59476	9.004255263085426e-05
59734	0.0005701646320705064
597798	8.386041551208661e-05
598105	0.0004412844431889976
5988	0.001144785738076022
599289	0.00032930653165173747
60026	0.0002585996168153963
60040	0.005021221839932049
60047	0.004610623812505049
600704	0.00022353989565990947
60136	0.0023737082331425088
6016	0.0002491026316868832
60172	0.0011591103460229044
601985	0.001045980560865573
602001	0.00016652995206879547
602305	0.00013748575803066706
60404	7.887361500903762e-05
618403	0.00010107854922356449
619785	0.00042644867418056734
619970	0.00019886519694010948
627247	8.777738883655479e-05
636410	0.00011529140946326424
638956	9.178588509801017e-05
643758	0.00010325668588964182
649466	0.00013384669237840688
651379	0.00019733436444426553
651380	0.00013603193722735177
651381	0.00013011011673739786
651382	0.00017202252318734867
651383	0.0002420423217746331
651384	0.0001522785145074529
652054	0.0001230228048656772
653828	9.103412520759494e-05
669873	0.0011819450588392913
676887	7.887361500903762e-05
678235	8.723474096289878e-05
68576	0.0002892767982933894
688932	0.0003564754568259861
689068	0.00018489150205457284
694306	0.00021144621265451542
694307	8.777738883655479e-05
694313	0.00030481207927051074
697594	0.00011318632587197387
697667	0.00010881556674558873
698414	0.00014932124954106864
699035	9.004793157153134e-05
699678	0.00011898323135391397
699726	0.00011752986011254378
70499	0.0005958789242687377
709195	0.00010465927631009311
712104	8.643092311613553e-05
71885	0.0006153514277652083
720221	8.643092311613553e-05
722986	0.00010325668588964182
723008	0.00010325668588964182
724508	0.00011534898504242399
725314	9.004793157153134e-05
727233	0.0010668627987186527
727234	0.0014784473007465185
729538	7.887361500903762e-05
738881	0.00011129038985621932
745465	9.693934556691569e-05
745467	7.555050191106582e-05
745468	0.00018776688625191893
745474	0.000431696972310273
745478	0.00022603118537931226
745480	8.643092311613553e-05
745495	0.00010272062239083506
745496	0.00014312645038658294
745536	0.00017124177554986633
745538	0.00017414064997713687
745540	0.00011085867205642158
745558	0.0001895099755308862
745568	0.0002214913799469303
745578	0.000182635815279751
745579	0.00020105373522182472
745586	0.0001544661377844295
745632	0.0001299917871209812
745633	8.735207786483722e-05
745695	9.318238514369317e-05
745696	0.00010282329664383045
745702	0.00010223025408595533
746007	0.00013301915772215818
746058	0.00010206056810001384
746059	0.00010326307595116127
746082	0.00019059425077006602
746083	0.000170257591257591
746084	0.00020384987597015961
746098	0.00011398919483201228
746183	0.00010158988880431725
746197	0.00010479127001992717
746281	0.0001321957461275031
746287	0.00020979699227431414
746305	9.74384953137888e-05
746325	0.00010953970818427051
746328	8.027466564791709e-05
746350	8.58688311981168e-05
746355	0.00013838546232500292
746367	0.00014476559180995005
746413	0.00011971355690757524
746520	0.00010968949387373566
746566	0.00012625602166633495
746770	0.00012137667530962781
746970	7.999241739100978e-05
747121	0.00030673184930137714
747132	0.00015647690512013152
747416	0.00014192102012453492
747494	9.74384953137888e-05
747502	0.00042163798827005535
747515	0.00014010654412241003
747538	8.777738883655479e-05
747579	0.00014099496193142985
747642	0.00017675010973792625
748605	0.00019593649708530978
748731	9.994200523616194e-05
748787	9.030928837074915e-05
750989	0.0002500789338529994
754638	0.00021187094408180857
754639	0.00023059898628367993
754641	0.00022344536550336692
754642	0.00022344536550336692
756626	8.777738883655479e-05
766791	0.00010325668588964182
767872	0.00012768009753711085
769058	0.00016179906977754948
772489	0.0001928348195806952
773615	0.00010301873075135229
7754	0.0002946517416332192
7861	0.001945630791556718
790783	7.555050191106582e-05
791270	9.030928837074915e-05
791453	9.003099571067002e-05
805083	8.777738883655479e-05
805528	0.00010325668588964182
805847	0.00017734597819724172
806176	9.178588509801017e-05
807813	0.0016890969667077394
807999	0.00015191298116650485
808212	0.00011898323135391397
809275	0.0002201190137405443
809514	0.0007096976405677918
809584	0.00011962767568727225
81	7.555050191106582e-05
810553	0.00010325668588964182
813955	0.00010325668588964182
815075	7.887361500903762e-05
815648	7.887361500903762e-05
816823	0.0001387855245693931
817196	0.00019213917857665409
817407	7.887361500903762e-05
818715	9.820320788904477e-05
82	9.041289984926037e-05
821729	0.0006432841513472119
822695	0.003786460381224295
82313	0.0020903600679150394
823482	0.004090417560685627
824414	9.004793157153134e-05
824557	0.0015560671625971675
824747	0.0002997271906185312
824971	8.777738883655479e-05
825096	0.0002158420677934645
825733	0.0009377753706143134
828491	0.00010325668588964182
830220	0.00026452823050277874
830491	0.00011183005258161565
8305	0.00012923625612530106
831081	0.0002068301984940491
831082	0.00012216853682370902
84	7.555050191106582e-05
841887	0.00015759017350187204
842506	0.00011928620403987488
843008	0.0004315563712059647
843025	0.000567676158669895
864761	0.00022624171864017454
886614	0.00010099983085106164
891446	9.29562085587907e-05
902780	0.0011552161407358342
902795	0.0015013120240954772
902864	0.00024290307314898127
903789	8.534848964221105e-05
904093	9.545224776967367e-05
909070	0.00012232000585259817
909144	0.0001446238095523419
910341	0.00044407549955521755
911432	0.0013897411509033676
912961	0.002035442332074967
912980	0.0001170764451419094
913084	0.00013240665884805853
913102	7.887361500903762e-05
913196	0.00018230564944946937
913242	0.00021708339850503945
913339	0.00014109711706485647
913520	9.030928837074915e-05
9164	0.00024201326653157284
916976	0.0013188215033398721
917143	0.0007698669173035137
917306	0.00023092690867736372
917399	0.0003235364742555439
917663	0.0003058687574452022
918627	0.00011529140946326424
919245	0.00033448903241884467
923669	0.00023636038804829558
924218	0.0002194520958083639
924387	8.909425994141873e-05
930401	0.00022844022095331912
930402	0.00017596071035027856
939684	0.00018669394656398375
939932	0.00010038948939113523
941832	0.00010763068826464669
944909	0.00023587591983655515
945023	0.00015681090360269192
945171	0.0003327604589053052
945184	0.0003349209161745725
945251	0.0005648411047241581
945252	0.0025972516360430863
945264	0.0012515120405868863
946976	0.003365640850616733
946978	0.002827656454533702
947392	0.00011295345804099516
947826	0.00013435649774297154
948284	0.00012530998054823813
948535	0.00022142689242886208
949265	8.777738883655479e-05
950062	0.00010751729260728635
950669	8.27452087412112e-05
951559	0.0003353010406887472
952126	7.887361500903762e-05
952188	8.534848964221105e-05
954963	9.103412520759494e-05
961307	0.00016385997483014706
961439	8.307596969343029e-05
961544	0.00014467566356443412
961634	0.00044591006658218144
961706	0.00011898323135391397
961765	0.00012519873758354334
961877	8.531428281212809e-05
961903	0.00014370172379730013
961916	9.152116976448113e-05
962015	0.00025990500407686325
962028	0.00012894218419514771
969037	0.0001597679430453141
969056	0.00016803011795613689
969075	0.00021536228842491874
969077	0.00019224170758330486
969081	0.0001404950503874663
969480	8.784258177734736e-05
971638	0.00011955218042936916
972027	8.488500151567529e-05
973531	0.0002802455668064952
975723	0.00016970425687699948
976182	8.801568052684861e-05
977263	0.00011955218042936916
977750	0.00011529140946326424
977880	0.00018835007447982926
977938	0.00011955218042936916
978157	0.00011955218042936916
978311	0.00015685337401572235
978355	0.0001455034857879861
978457	0.00011955218042936916
978593	0.00011955218042936916
978618	0.00011955218042936916
979006	0.0005569786506436444
983552	0.000298154725290315
989880	0.0007221441123997341
994767	8.777738883655479e-05
293040	0.0001312102152158116
293044	0.00043981599066533484
293059	0.00011529140946326424
293073	0.00016510178387680262
293083	7.979088864549384e-05
293094	0.00015287496470001253
293101	0.00011529140946326424
293144	9.861018542400614e-05
293145	0.00011474799314274066
293147	8.425542243517911e-05
293159	8.977428179237853e-05
293160	0.00011010592122657026
293166	0.00012535698550380077
293174	0.00010535565933222858
293182	7.555050191106582e-05
293184	9.335746314536679e-05
293185	8.435517182770403e-05
293188	0.00012221030139071616
293427	0.00011546497752498518
294223	0.00010325668588964182
294348	0.00015637092154529927
294352	0.00018071968293066238
294369	0.0009152735088878063
294374	0.0004177659056814892
294377	0.0002870919140397721
294380	0.00024828208893827326
294381	0.00022145546266201234
294421	0.0002272470731163603
294430	0.00012999093773849611
294462	0.00021895233549834334
294485	0.00014836259866220003
294784	0.00029205228489463854
294817	0.0008784679865028058
294821	0.00022484302314525206
294824	0.0002089853453621668
294858	0.0018137050624183087
294859	0.00015967391225841994
294861	0.000118224163445421
294946	0.00012073951576926331
295508	0.00012395545386977846
295644	0.00015202733740941914
295652	0.00012148595658137555
296714	0.00012161925279870821
296715	0.00014750007559196764
296716	0.00012120038532788882
296717	0.00012123076625128478
296718	0.00024247187343398897
296720	0.00013202037378514617
296722	9.11730308440517e-05
296723	0.000122874285490046
297351	0.0004624216511542548
297942	0.00015144848884165063
297946	0.00015144848884165063
297995	0.0002250125546134509
298517	0.00016971781700813237
30	9.42328010397697e-05
301824	0.00010021968176761395
304201	0.0014908195944573733
304367	0.0001514248902406896
304403	0.00046568762387275614
304584	0.00023376555772865567
304801	0.0005611588858937018
305994	0.0001688248876850614
307928	0.00010325668588964182
307954	0.00126594880671636
308042	0.00011882624547517715
308067	0.00024032953558104133
308068	8.794225325416499e-05
308072	8.149686774543393e-05
308073	0.0001054862850718493
308076	0.0001375203149205196
308077	0.00022709593919050992
308086	0.0001143771024786258
308091	9.857140558917588e-05
308102	0.00010207466764120487
308127	7.887361500903762e-05
308131	0.00022857365337167112
308132	0.00011915649082646643
308144	9.247535808247704e-05
308148	8.158684681214826e-05
308149	8.068078498254082e-05
308153	0.0001143771024786258
308166	9.369845328420902e-05
308168	0.0001841358947609098
308190	0.00010306491392264447
308191	9.327421162559587e-05
308192	8.58688311981168e-05
308197	8.424906460415915e-05
308198	8.634425803410753e-05
308207	9.520559401118337e-05
308244	0.00011231432149834433
308252	0.00011613303654128528
308258	0.00011669482540170696
308267	8.763942658034977e-05
308269	8.839408725178351e-05
308270	0.0001224103080545436
308272	8.784258177734736e-05
308332	7.555050191106582e-05
308334	0.0001668970300698759
308337	7.555050191106582e-05
308338	7.555050191106582e-05
308351	0.00010124053639311759
308475	9.639094450190639e-05
308483	9.86051895306304e-05
308487	0.00022929458213166867
308497	9.86051895306304e-05
308500	8.777738883655479e-05
308502	0.0001445267912915655
308503	7.555050191106582e-05
308505	8.66349519266122e-05
308506	9.52621139124961e-05
308508	8.36321236228284e-05
308510	0.0001394070669646723
308511	0.00010674832238478831
308516	0.0001064823079950514
308525	0.00011955218042936916
308530	0.0001137197466263922
308535	0.00011322418695784744
308538	0.00010760865331394098
308542	0.00010606864765005312
308543	0.0016343070304974535
308548	0.00013881871353036806
308549	0.00014628911856150268
308550	8.223977987199357e-05
308552	8.223977987199357e-05
308556	0.00012629979648694578
308557	0.00010143033770261569
308561	9.070898077072272e-05
308563	0.00011959119893347428
308566	9.858513552459733e-05
308567	0.00013435755102180123
308568	0.00010194491264634366
308570	0.00010143033770261569
308579	0.00016430353736568987
308580	0.0001293015298002355
308582	0.00011490745474972331
308585	8.223977987199357e-05
308587	0.00010387975993571483
308614	0.00012411177233654738
308665	0.00011531877226010101
308666	9.722125327624084e-05
308696	0.000220960504102887
308704	0.00012778181996607154
308705	0.00015541256861549327
308706	9.012386794067749e-05
308708	7.555050191106582e-05
308710	0.0001633172104983798
308737	9.995824368944747e-05
308783	0.00015081762581814213
308794	0.00016637724853302906
308795	0.00015426946490286686
308801	9.324191427831496e-05
308815	0.00034345935852096124
308864	9.829301977878835e-05
308877	0.0001029538305523245
308884	8.661901476407052e-05
308885	8.876881045787005e-05
308925	0.00012390946690481576
308981	7.555050191106582e-05
308984	9.915009997909385e-05
309694	9.00246566215853e-05
310257	9.00246566215853e-05
310612	0.00024243530353522023
312072	9.178588509801017e-05
312445	0.00041724516832941465
312679	0.0005255539011439456
313444	0.00039616414289598667
313691	0.001390532534227877
313717	0.0001694984221978096
313946	9.178588509801017e-05
314398	0.00030600522323281074
315275	9.103412520759494e-05
315517	9.178588509801017e-05
316159	0.0006975869250555409
318148	0.00010000077683976858
318149	0.00010022187666713299
318188	0.00014849543638256133
319040	0.0001682129843559582
319311	9.030928837074915e-05
32	8.154351848951098e-05
320101	0.00010325668588964182
320102	0.00010325668588964182
320106	0.0003810766279463736
320111	0.00010325668588964182
320115	0.00010325668588964182
320120	0.00010325668588964182
320122	0.0003044752085238936
320125	0.0001304721363730034
320127	0.000157728776162245
320128	0.0001542594885596943
320129	0.00011636874987201752
320131	0.00010725480134450788
320132	0.00012496618061436793
320136	0.0001842530676038414
320138	0.00012168345540017388
320145	0.00011636874987201752
320149	0.00010325668588964182
320153	0.00014711814656432666
320158	0.00020765848088379182
320159	0.0002114947526082524
320165	0.00012819905011020237
320174	0.00010325668588964182
320182	0.00018519697581868892
320190	0.00010325668588964182
320815	9.381965158407889e-05
320955	0.0006510042151647792
321147	0.00029149809764851135
321292	0.00010405075972704218
321461	0.00011531740295168572
321493	0.0033422816809599125
321694	0.0002757661832579905
321796	0.0001620556800242545
321834	0.00029912369792671554
321857	0.000366697735244546
321903	0.0008288236333238871
321957	0.0008233000702637084
321960	0.001462129903252347
321968	0.00026779039009846087
321986	0.00020634545780681883
322004	0.00015593244715655778
322141	0.00017031699720651056
322292	7.887361500903762e-05
322298	0.0001396728643249243
32411	7.887361500903762e-05
324866	8.777738883655479e-05
325115	9.995936832765564e-05
325118	8.710807687154669e-05
325120	7.555050191106582e-05
325123	7.555050191106582e-05
325126	7.555050191106582e-05
325128	7.555050191106582e-05
325482	0.007339040954944407
279122	0.03639734347519972
279123	0.004034409156316798
1198175	0.00010325668588964182
119882	8.801568052684861e-05
119910	9.853826735420394e-05
12	7.555050191106582e-05
1202970	8.777738883655479e-05
1203204	0.0007817916694409877
1205354	0.004856724803963199
1208256	0.0036838397214246994
121347	0.013509266682522612
121348	0.009308584551061214
121353	0.0034115467418969272
1213678	0.001945276387158679
1214326	0.0004024905161097274
1214402	0.00029042471439044335
1214446	0.0001635825822354656
1214694	9.843607253693986e-05
1214910	0.0026617462303687735
1215105	0.00012248008124770494
1215119	0.00012248008124770494
1215151	0.00045095356060465095
122433	9.33533497833042e-05
1224703	0.001346009533097166
1224863	0.00011112756060432976
1229446	0.0002126261829959703
1229469	0.00016138421387750968
1229487	0.0001301978655398888
1229649	0.00010325668588964182
1232959	0.0007215906740463628
1233011	0.00033735977184165436
1233742	0.001101222764143526
1239283	0.00017957688724670422
1242438	9.243959005028946e-05
1242777	8.777738883655479e-05
1246678	9.00246566215853e-05
1248056	8.654374867517375e-05
1251685	0.0001197266800904261
1255072	9.853826735420394e-05
1261507	8.777738883655479e-05
1262011	9.178588509801017e-05
1264448	9.004793157153134e-05
1265866	9.030928837074915e-05
1268295	0.0001155138966455938
1268640	9.004793157153134e-05
1270683	9.030928837074915e-05
1270824	9.004793157153134e-05
12717	8.674192538444747e-05
1276501	0.00011955218042936916
1283046	9.378097036282388e-05
1283070	7.555050191106582e-05
1283078	0.00015204105647624827
1283944	0.0005309130501614308
1283966	0.001955419292260844
1283968	0.00013775241927982168
1284908	0.00011762217068845472
1284909	0.00012978639624006025
128896	0.0011242175536665807
1299806	9.324191427831496e-05
1300012	0.00018914434924241307
1303905	7.555050191106582e-05
1304146	0.00012327136749605853
1313469	0.0009336086007499269
1319557	0.00016458710766129606
1321584	0.00012893945931845906
1321585	0.00011744756824484745
1326715	0.00041408648220009
1327980	7.887361500903762e-05
1328106	7.887361500903762e-05
1328107	7.887361500903762e-05
1328142	7.887361500903762e-05
1328147	7.887361500903762e-05
1328148	7.887361500903762e-05
1331504	9.00246566215853e-05
133205	0.00018036429152436796
133206	9.606467848973353e-05
133286	9.383657763687888e-05
133352	8.727486438724772e-05
133370	9.004255263085426e-05
1334297	9.004793157153134e-05
133631	0.00013840861316645662
133793	0.00018266795210185424
133794	0.00023642846549921267
133795	0.00017412592342197893
133801	0.00016214211994849273
133803	0.0001933981745428634
133806	0.0001333030443154196
133807	0.0002723623508292856
133808	0.00012420564473831068
133810	0.00014561198119057733
133811	8.853843077900634e-05
1344258	0.0009686390943285
1350977	0.00010325668588964182
1356010	7.887361500903762e-05
1356362	0.00011559889097592779
1356363	0.00011559889097592779
1357165	0.00014220686104537159
1357169	0.00012806933608470816
1371417	9.030928837074915e-05
1378614	8.589872558084207e-05
1378695	8.727486438724772e-05
1378824	8.777738883655479e-05
1379129	8.777738883655479e-05
1379166	0.002073006200008181
1379641	8.777738883655479e-05
1386323	0.00027375236435179737
1386763	8.777738883655479e-05
1387510	0.0003818808329769454
1387643	0.004420369103322388
1387852	0.00021756585180282873
1388118	0.00015267778765027187
1395987	0.0001565252641006184
1398737	0.0003772864174930073
1399111	0.000306101150314886
1399857	0.0005652977396729854
1399880	0.005306099274601581
1399904	0.0013285973937599478
1399998	0.00019265422863350438
1400001	0.00012257789960813176
1400002	0.002215103802903573
1400006	0.00679874410431398
1400063	0.000104622944906825
1400133	0.00017369164814659324
1400142	8.801568052684861e-05
1400145	0.0017889992456229585
1400213	0.0002187231870956846
1400221	0.0014172465827155085
1400233	0.001378295176577486
1400257	8.276011362677186e-05
1400304	0.0059549496157955545
1400313	0.005610517882800358
279115	0.011231513770722198
279116	0.0050246377741010075
279117	0.004730753139264409
279118	0.005662017581218316
279119	0.005173724543371096
279120	0.0041155305005904416
279121	0.007155676446889573
1004183	8.386041551208661e-05
1005268	0.00037856886669325083
1005282	0.0015479653180703575
1005303	0.00017526981328304207
1005316	0.00013207932735763536
1011457	8.801568052684861e-05
1011459	0.00035635183835923124
1014578	0.00012700719497953648
1018343	9.243959005028946e-05
1019383	0.00012037102214621388
1022146	9.004793157153134e-05
1022390	0.002055876373888774
1022510	0.00014146697531198127
1024104	8.386041551208661e-05
1024329	8.777738883655479e-05
1024336	9.004793157153134e-05
1024551	0.00011738649930355288
1025135	9.243959005028946e-05
1025619	0.00011645937079659215
1025702	0.00012347930859406208
1026519	0.0002628005063560594
1030980	0.00014232068375389777
1030981	0.00019166468069935482
1033735	0.0011852891136261519
1046892	0.0001285118190090471
1049155	7.887361500903762e-05
1054719	0.0002213848351828227
1055412	0.00010325668588964182
1056874	0.00010569373779068288
1057276	0.0001322191233326843
1058201	0.0003446631775792004
1059245	0.00010325668588964182
1059771	0.00010325668588964182
1061422	0.00011057618599184201
1061472	0.00136530147770805
1061483	0.00014980809472108379
1061775	0.00013629378561398774
1061938	7.887361500903762e-05
1062022	0.00029711899973506803
1062129	0.000177156820227455
1062153	0.0001230228048656772
1062208	0.00011871853230862247
1062246	0.00014679230004877492
1062381	0.00015192187880405878
1062707	0.0020716728381085293
1062713	0.0006078531265454208
1063081	8.801568052684861e-05
1063319	0.00010325668588964182
1064321	8.801568052684861e-05
1065184	0.0005095484557660936
1065922	8.589872558084207e-05
1067822	0.00011241606314248541
1068229	0.00010325668588964182
1068410	8.801568052684861e-05
1076764	9.004255263085426e-05
1080687	0.00010906315948047647
1080967	0.00011100879214891354
108297	7.555050191106582e-05
108300	0.0001351785446335367
108301	8.831800861333809e-05
108307	0.0001543781422895461
108310	7.555050191106582e-05
1087103	9.004793157153134e-05
1087125	0.00016901329176747642
1090947	0.00038657827357973357
1106638	0.00014360816925604704
1108759	0.00011529140946326424
1109140	8.386041551208661e-05
1112381	0.0006068500676772353
1113792	0.000633200424047938
1113968	0.0002381487271911748
1114152	0.0003338219358427515
1114158	0.0002776274205673995
1114552	9.004793157153134e-05
1116434	0.00019323863128249734
113354	9.004255263085426e-05
113508	0.00036096215662600274
113526	0.00010301873075135229
1136113	0.00019257186017787586
1136189	0.00021427433508291885
1136207	0.0002848196439612583
113630	0.00010565766276454406
1136388	0.00038906398691864884
113726	0.0001142381434041979
1137392	0.0002285085869503482
1152089	7.887361500903762e-05
1153253	0.00011726931917792249
115455	0.0013062105401949902
115477	0.00029973326768517486
115528	0.0005337174929800669
115594	0.004325723225409923
115611	0.0002598128285768699
1159274	7.99833572541068e-05
1161247	0.00021205403512493536
1161326	8.777738883655479e-05
1162263	0.00010116999609217693
1162745	9.697497808718531e-05
1162921	0.00016371357289394795
1163190	0.00019603173561216734
1163290	0.004361203794385352
1163291	0.0035803882175304996
1163292	0.0035276906140126857
1163429	0.0001193225025665888
1163446	9.697497808718531e-05
1163513	0.00013423813803847565
1163545	0.0004715459116246541
1163560	0.0005976440265357881
1163625	0.00012088696564209213
1163695	0.00014522431873952181
1163730	0.00016050287932716577
1163759	0.0006462622930774339
1163915	0.0002146885586641854
1164039	0.00023227134079627785
1164060	0.0005391146464130543
1164213	0.0001386168626181178
1164255	0.0007542335420183939
1164376	0.00010703008423844198
1164409	0.00012921393925343868
1164526	0.00023648389194012186
1164578	0.00047832533564447227
1164913	0.00047681390758648636
1164933	0.00015828653121336013
1165302	0.0006351532326854734
1165338	0.0007801323003233536
1165354	0.00024544615820785233
1165455	0.00010500300459577581
1165558	0.0005185631388488592
1165563	0.00043123531417773903
1165569	0.0003544581683520245
1165570	0.0003507118112764708
1165772	0.0001339710089052127
1165852	0.0002413990037877454
1165865	7.887361500903762e-05
1166012	0.0002730150111355792
1166236	0.00015051721224380697
1166794	9.030928837074915e-05
1167425	0.0018939391245787341
116830	0.0007911554991221217
1168900	0.00206657778197706
1168995	0.002072698138376796
1169054	0.0011261978456369134
1169964	0.00010405075972704218
1170166	0.00014499221131756637
1172959	0.00011354320418039668
117469	0.00035507722626316183
117472	0.0060040171667887846
1174883	0.00011964874567500632
1175712	0.00010325668588964182
1175880	0.0003088006565251149
1176519	0.0001369353902029717
1176727	0.00010325668588964182
1176984	0.0001818763280511318
117739	0.0015577396955487577
1177582	0.00011112352528994763
1177998	0.00021828038900039817
1178346	0.0001446548358595619
1178473	0.00023480389017907163
1178499	0.00028697230961735555
1178501	0.0001097084696157038
1178815	0.0002135779179513899
1179147	0.0011036443277433392
1179154	0.0017434005019674292
1179410	0.00010725480134450788
1179490	0.00018976512898797877
1179542	0.0001318612923685968
1179636	9.243959005028946e-05
1179703	0.0001647471539260432
1180494	0.0002206662489717039
1180923	0.0002430648389638345
1181827	0.0016036352826000796
1181909	0.00011208300364453627
118209	9.178588509801017e-05
118219	0.0017662252962306316
1182382	0.0003601871112168554
1185208	0.0014353860417857058
1186079	0.00046682017402914543
1192320	0.00013284105858041387
1196021	0.00013882787530602076
119785	0.004366698338099239
279347	0.00010898384913999355
279349	0.00012580127768625082
279351	0.00021504677829927246
279353	0.00012247274004384385
279396	0.00013669298248034046
279397	0.002267655931450653
279421	0.003063134041822901
279560	0.00045476992045187335
279561	9.875168185394641e-05
279562	0.00022925003099112795
279563	0.00015168065021725657
279564	0.0002714586093071772
279565	0.00019291431217364628
279568	0.0001237228137682664
279569	0.0007533513645620587
279572	9.10276923280703e-05
279574	0.00016598133533241556
279575	0.0010323889623878365
279576	0.0001370879346678759
279577	0.00016897107227323285
279580	0.00013692164050132437
279582	0.0001896279311900157
279584	0.0002518316344683948
279585	0.0002819720781259646
279586	0.00011706888006209992
279588	0.0001684035280746677
279589	0.00019497869223831176
279590	0.0001332776818834528
279593	0.00021838292005316382
279598	0.0001336618311892322
279599	0.0001704379526740577
279601	0.0001448550510443203
279603	0.00018618200069890145
279605	0.00021603579151458565
279606	0.00014426117570036698
279607	0.00018963345601535935
279608	0.00017444477398507075
279609	0.000216105884166196
279610	0.00014773915593009024
279612	0.00012773347844668949
279613	0.0002841691320677815
279614	0.00019759549973112793
279616	0.0002871925854463251
279617	0.00020215146840380998
279618	0.00017490394462566102
279619	0.00016769848309609197
279620	0.00011260098329212334
279622	9.525831443390359e-05
279624	8.716399974435904e-05
279626	0.00012254544260165221
279627	0.00017175001523304635
279628	0.00018714483432162045
279629	0.00022440163654665216
279630	0.00011591841352628267
279631	0.0001902031648744014
279633	0.00011613661053975496
279634	0.0001167573473290901
279636	0.00017103415033542345
279638	0.0001018788285161165
279639	9.683464901236494e-05
279641	0.0002296429489392923
279643	0.00010755019145074495
279644	0.0001830723939329056
279645	0.00011168813473032713
279648	9.1858510661801e-05
279651	0.00013137057719841982
279652	0.001051496620861199
279656	9.49150106268097e-05
279661	7.887361500903762e-05
279663	8.978667958236235e-05
279665	0.003273032077538537
279668	8.105445638203481e-05
279670	0.00010417925660925151
279672	0.0002164730058998893
279673	0.00011183878224541195
279675	0.00019218557329445752
279676	0.0001684114944514774
279677	0.00018874292158950468
279681	0.00012039787084475094
279682	0.00012039787084475094
279683	0.0001128442719804245
279685	0.00010532043362451923
279688	0.00012229009717697528
279689	0.00034117246732067537
279691	0.00014923309167840583
279692	0.00020948424503050906
279693	0.0002054354841674136
279695	0.00011688147415386138
279696	0.00022836627140360662
279698	0.00022442540018483193
279700	0.0002797342720642185
279701	0.00019657617431085916
279703	0.00010267372952028302
279707	0.00021116086193413656
279708	0.00021193787312657434
279711	0.0005164446603605141
